212.973583576654135641 81.642017692216271030 75.510230453469262102
186.915764773910865415 51.229576961663454426 179.620757540621752923
21.251558879294591975 99.074346001579314702 115.277156944614915801
75.117607627487473110 166.915493255688289764 38.597676728155164483
135.602404161750854428 133.161411918938910048 17.510111673255195797
203.282369052041872237 54.309077482811517257 158.575781152778944261
90.070280208601957384 206.867448197363330564 60.989496937454632075
129.848743701404174544 214.879537281206978605 193.098952991440512506
203.763763121350621077 48.427288326011193931 132.801176746608604162
229.515063982988124280 87.126662703270966404 127.882399787585455897
125.029620271621368488 108.514987700560610051 235.417811839270996188
230.984041378107406217 144.679737411511240452 95.779077147911579004
62.218771809716727716 74.537018012417888713 55.229337503900083561
220.561291625536256333 184.767585347233392667 130.031631988131948674
136.118189777803081597 221.702613163566581989 71.788826536942394796
213.401773613862758339 191.507538347102496346 105.239691804206657366
228.946027982221323782 147.171335222067483528 163.057240798584786035
94.847725275935999889 87.139983935241360768 29.648007984502456225
38.142792153326723792 157.561554071644877695 184.187306514811723446
56.829664223378443921 46.178696183533560315 101.622040539030493278
159.236244565355349323 191.659414247093252470 44.054326902813116362
178.865271901247581354 195.853603192931245758 58.668638986479820119
150.095261733996125031 227.145988961373717530 166.209562359029547451
227.654356779529393862 124.616474691818453380 82.694026718686515665
43.389439700094257546 93.288406488239687064 190.030172689226105831
133.044545506061524520 234.280356272563096809 150.545458748070359434
217.629962469065958430 137.472818866921301151 65.546521922381387526
58.082435172453742211 179.650971009973574155 194.662726149246140039
42.090163038748940494 73.895110655583962966 172.499344115394563914
119.538771135516910249 24.883324740166727906 86.794096233145580754
80.387070497134644143 214.816446028533221124 79.930831640248683811
233.019362771665839773 155.508450069110921277 120.132468263857660418
95.138643079379988876 180.147367163751368935 217.885704589546207899
68.654402597183860735 95.872438624075016378 39.097405120801354883
198.608387211239517001 207.580170395955178719 148.887782435962122918
154.694272679256840775 215.520199917109039234 186.137141183878810580
30.409025822455660659 81.768299401900549128 153.912394327462806132
155.090024534811647072 173.245035836039761534 31.227628294183517710
42.479854961155908200 62.509024629386516381 98.764221661875794211
59.177049916673993835 97.471093762612213141 208.413089478401644783
124.385944493060051741 199.585054316935980978 209.610995658048381074
226.327357242920385261 86.231032939198030363 103.084159476771105801
231.659990952258425523 121.216089573486385689 160.359146782423124478
97.153376726984205902 170.103938374782501342 30.298244194939130125
201.758712552082386082 88.847620540685397827 55.897743783002312057
166.270811948528603352 103.739946435885883602 26.916168952733201536
212.792861225133833614 190.295646265954644605 154.078517806188557415
199.776484746386984170 81.456670790897305778 195.770549165396346325
205.433689916917842311 68.828679963657052099 177.638461778041289563
168.460204791560585136 127.093073531561202572 228.887402341798775751
213.802721443772782095 110.647301529952613919 61.441805983519486745
112.357571388663117773 235.258148273478695955 139.875271521774010353
137.897446578208274559 204.845585411121021480 50.049948082701362750
139.181867299840320129 86.641837838190269849 228.601283732097357415
164.857259450698165892 100.036031343774283187 226.698406713390369305
168.981192284057442521 34.136999968760108004 168.400999017015692516
57.294199175605072583 47.098402098272785565 156.271760865729987700
110.748738459973154136 153.316522416708721721 21.437993831831164471
212.747678892515750704 180.115717812597608827 83.113144498625729284
146.972512498191605346 114.071487301670927650 234.396239710330291928
89.343057525395408902 139.373128410744413941 24.389764756163089032
191.482844359975757698 203.328279682998726230 172.999527213668898185
111.801207172903360743 130.470075271761800195 18.110352768468828799
35.809548936876822722 134.848372809377508474 188.013971179961373537
199.344265356641358267 46.417373861934891011 107.693326679598868623
50.183781387014363418 205.546482176027069499 121.548514351751620666
235.608552721991827639 136.901377455504814407 141.357750524296932326
189.212537412719711938 183.675674385997922400 197.834088697203469565
158.997769506675865614 55.990330851818569613 49.322656880764427001
25.437276386941860551 167.838806586498606066 137.826128065385205446
194.936980941745105156 198.318475037072403211 78.028153609370178856
73.324331770605198244 72.388119938096380679 205.971293494738915797
123.207237980161423252 34.706733372699630991 67.270879032728814195
218.099721373164300076 66.699209790213387805 139.831814595260254919
180.458716879804995870 221.651781972140611288 143.828718283434568548
147.205102064430917608 39.087948188146654616 64.045850043099321169
137.179377716712309621 41.592934594847463359 195.571229011740058468
198.908711789662760339 179.120001011747916664 62.095126043673658955
80.289340013517133343 95.868009464871164482 221.598696655650769571
123.430963104025138932 20.232138012620154655 153.227573701716636378
102.124133797580284977 201.361115436113237820 204.146716014204741896
175.762272861457233830 221.485000675281185067 98.807352150305163718
51.039570712871537239 117.888783509793867665 47.962041292909432855
25.159277557853684471 123.949343592422408733 85.537236609885439975
79.846419669143273268 193.677966682277258315 200.692527579793107861
110.333245270005505745 221.279373211919335063 72.837106119245873970
17.352859368601698975 135.097340692770217174 123.544913161211269426
41.678532379421156406 61.398137567204599918 149.729778010774822405
132.922253663784488253 57.832131679587178041 212.327210803774789838
120.678274721168463657 86.225129174481494942 25.032133989862941803
64.584719459247907025 214.580092093098016903 150.109743053173190219
118.742691734177725493 131.883859721130420439 236.580859525865662363
26.048153416335964039 103.009253257953062644 163.512583339272566718
220.633661368622654209 158.417531208207179816 78.567818637940391113
82.251472236460841714 155.468290890007324379 223.369734236417258444
162.060203832543379576 76.127873374317047706 35.990061862448285979
83.067555019525940452 51.189290099210282392 193.503207008203162331
18.895630885374302466 120.051395095482902775 107.890780544206378977
119.820316736965679638 72.136139629979211918 222.070547350593130886
77.186255359340037785 36.211525453806416408 164.095063478181032224
186.085437968592117386 37.959220053078766455 153.089279915390591214
211.003650881780856707 64.580525539553505610 93.129720305058839358
121.067862256123873976 236.146319398918961951 114.675605351302436929
88.075675348521315300 110.521390336086824391 25.445323229451048519
104.591371500199855404 190.813086196130456074 40.248957361405899746
143.715032507453202015 24.668376468335324603 90.273354173727838656
23.895088220989720185 129.599661069433409466 165.244201251517608853
220.520495688262457179 138.199927990285118540 183.819701682023207923
43.785357352258770902 178.451669345323580274 76.720292656100156137
42.154731360228780090 191.699538869102354965 100.255840645655581511
180.223899917468941112 174.435974727777534099 43.232197240223001700
143.246783008098248047 30.055892596882600287 176.374913485499973831
19.780037297555878695 143.725127156306314191 145.004158399988369865
104.176811677090640273 21.893978726285737935 103.938639095089385478
229.431936676852274104 164.614591198464523814 140.886715868113697070
139.323674025683260425 17.890844279093471414 133.581732019740087480
35.967307965047069729 65.250189115393226302 126.900820442062169491
97.965011433095668281 112.393024874914701172 232.088561302431344302
23.918119054902589937 146.149062470958199356 93.721790503332300659
196.465612910888580700 207.773408897192069844 99.610494016108958704
156.446072882471241883 211.335777803321320789 62.809616186620260692
205.430315728476415416 157.583526687393344901 56.195102781707234385
21.926981687135338461 157.768821062969266222 116.372654469747118355
55.006498809423504781 168.162382395414454095 54.732482664366202130
72.179046247780888734 204.409253728483122359 182.699824657680693463
185.321078727523399721 220.083824069104139198 121.164464657798191638
83.145403407350116254 72.042510888579727180 42.404203719900678493
77.936629608695540128 54.313369812475556841 60.596389572345302099
140.681691753385251786 236.138729729060059981 125.755418185680909460
39.816335647099293737 80.582628731786769549 78.580620465049292989
100.059307097256777297 52.083282972988769188 51.094238849644568745
63.543839794992344139 53.805938370904058843 179.114729916526556508
52.394642738878019372 46.182831253240905767 128.620464037927888512
225.417407810088832321 170.788184535455968671 104.715280234395621051
159.356932589364191699 126.497029237306094274 21.867816850313545274
152.500546757825361510 200.225970792720659119 205.023581797528265724
137.955439276579596708 109.410389541877847819 18.969523030819232190
36.017548446057872980 156.225063044485381170 72.519827466495399904
70.068999402693123102 221.120800274722796530 126.631046567725221053
163.791814589434096661 32.852349749008695312 83.611264924709729485
141.415451250008430861 184.773975111544189076 219.489797086323562780
30.009874600066439143 78.512245822456009137 108.510725549031803894
224.194483864967480713 100.594906235892153745 82.773273583372144913
111.906560740155796907 67.037291731748155144 36.023839889529767788
36.072607351166482204 133.259065813315487503 65.412392795064334905
58.341080540137539856 200.282183722535307879 82.103738157161700428
181.720156312063124915 127.981534729805474626 31.581233068344644721
81.094456180436736759 188.239543449450593471 47.991143757595054353
72.633495348113967793 32.260494491412060825 139.988813183839795329
233.476353916054790716 111.100838896779208653 104.416759910126472732
112.695929194853150079 41.553686566693571081 194.781421341386021595
160.972350452444658231 231.050307929091161441 116.072382483011793397
202.904382111444476777 130.816233192077532976 47.476662918967534210
204.570952909462135949 125.600774966327563220 204.979416733027392183
128.893999757465479661 231.776092647953646519 93.557763616256863770
54.869913545808685740 61.931229696727982059 75.392774155832455563
193.484145470911528264 108.953149932967448876 41.243544828038054106
34.002841314956853580 112.080618882708492379 183.823767418096338133
61.974299436910328609 212.059035259132087958 101.768694305186656379
188.840743124669927511 151.945921455349122198 39.516152962205964627
114.766282507037374216 208.240983644867867497 53.854673883311662053
68.976878801860067369 145.326166768107071903 35.362294779858814309
45.566606318231379191 199.133392988723784356 143.290365539312574583
221.367259143223179763 115.155020923393664134 182.267683798676756624
102.925578820738166996 228.788699072829558645 92.948818141737575615
69.441251026086661113 121.498545481694165460 33.422628724990119053
167.766944835110393797 151.066094772919029765 27.708110647485668210
220.689992500257687880 78.704773190365656887 158.460393715076634180
184.141146363243194628 68.268218787423563754 53.614257052936537207
154.938878155390256097 21.393581507891894944 114.088630564963921188
56.003198987606410242 73.017212997654866058 191.384104819947793885
173.017339156612280249 213.883817702280168760 77.668400406815663928
27.621718215270533392 157.045425561150807425 163.348720917856923052
235.790492092088953768 111.065902754836400845 130.276183044764110264
97.045025143249574739 24.135080489981703522 151.930058474237569044
205.222858661438181116 149.161577080212225610 201.094864087536336683
30.321110645588163379 170.323056321371922195 97.397548341858055210
111.459900023976402395 107.794209291154970742 19.810248176501332296
33.498177922501611192 184.784847322673527970 122.719732708913724650
206.044443622495862201 103.285000992161002387 199.729462767631304132
173.650431305170457108 47.954337611173627920 66.373928738922472803
70.695016182114443382 33.402081740607741267 113.993136628080918626
212.926043508256356063 163.702481425117127856 185.048625343380592767
186.784414600760442227 111.016829471986667954 217.941530835569437841
125.655626609414625250 48.802549598732937852 49.647873908159041889
71.346960342144072342 118.125680848479589713 221.466849404635468090
146.554997700022482832 138.738263395911957332 234.609549935869125648
128.687888110877111103 18.171540613134823161 111.077768334602112077
149.443780637282458201 164.829014299900450169 227.822826719961966546
230.718132340821568960 99.580823886332112238 151.305098333055411786
98.037693050191336397 36.704225834903937198 71.251834612509128419
49.154799310736237317 93.390728909093510879 56.924743122938139095
126.232920936656825006 169.695646683857830794 25.626959481537880947
118.041973974145392390 178.125222519616158934 223.984356429477031725
50.370746449528539301 144.604347199434414506 50.071172763525623850
27.568209306213205423 97.788409661564713815 90.121795199245298136
138.409952118018111378 64.273144778169125857 37.360975983425589675
163.789471856914047976 44.467409745227342910 189.728831539628856717
95.014188250031807570 34.895856102562476053 177.928720027266734860
159.397574322264858893 77.184146289674899322 219.567693593093338222
93.028726685200695101 75.904436788497150701 218.297294644860755852
180.578638265930948137 64.641836431885366210 200.080701679586923092
124.993143298146819120 226.366082991389191648 174.141850590813533017
102.616427421568161549 56.902999217549904643 208.190220283095300147
197.130456334908927829 61.937062470408420722 72.699601711609020072
51.678201647892024084 152.732552953527090267 202.924056869336936870
71.210738803616465020 44.124765933079302727 80.964644961564573578
166.497174907470196104 24.905160237457295125 137.798929029743590036
174.596021783102486324 201.581126113466439165 192.362637171932192359
44.263934778134839121 179.498543763685887598 176.986462310265892484
35.763833031952856345 108.364815073739421791 68.444968450672860172
168.112329244421459862 180.634262033652788659 213.793676729377921220
185.618865860864900696 33.921844877834956833 127.534419535672000734
104.895553195261570067 156.101703792430015483 230.752032596157619082
205.058810208212605630 204.488443661246179772 125.462714133245441417
159.179719016016775868 231.021601566253281135 142.619606001492542191
104.358516896048740819 228.411158970706821947 163.099031553097404412
54.749643457189918649 199.200826662895281061 167.828012548143590266
128.165900095052563756 155.287394131478436066 233.294233193615696109
109.205160102415575807 91.576648506531370231 229.608624598468878730
18.494181089723056743 116.513088164046777706 141.714344795305322577
218.858812562080800035 92.895522744646925162 176.988430519707321764
175.406708607937815714 30.473390687066441274 106.038028329985579035
81.827826068491447131 224.526924857003962188 103.591163415542311554
111.951558008741784533 18.108445962817540931 131.021672911004429807
181.649052999372770500 88.549688971215473998 39.621200580109373846
182.827547948490263252 86.769579757453442426 212.818402322387271397
97.371006738952473825 232.680965965284229924 119.674961366570371979
217.588995757403154130 65.614640931820176206 115.798592064574009441
63.901699627153199401 190.303665442910073580 62.880966698256344216
152.119408080917423831 228.177180655026688783 91.897386815730783383
129.892650011775742769 188.601749320285307476 35.912914984669200180
143.715054525460743662 153.735628959118827197 21.615878347963615624
64.565679350715384999 139.896055322124567510 216.641772417723956323
187.391832883714471336 44.106325273477992255 87.232359747162888652
49.514897732420195098 121.421002543571859178 204.877684313055112852
23.034915855076803837 92.225211459247987023 136.054024557345968560
91.310590650447593930 134.021312044212891124 230.812172877066188903
187.254440316480611273 138.629966564579092392 218.291545609954766860
173.651706851081456762 218.087605312207756469 167.331952672393867942
204.549740941255180360 184.870158598468293576 179.317133175780355714
89.797206762772560751 23.525419277958178554 124.006119617326703519
144.444896073965935557 87.738053555584784249 25.737098785565109438
156.563841070287651291 58.278640640533993178 207.643375852936031833
189.001705960271920048 164.160804362047372251 209.914794079112482450
100.819961185030763318 216.026890314245235913 186.066220199214114928
71.339485955986305044 170.997131821534907203 211.060451865515403824
82.146506817857328997 218.941374105949904560 167.434488705426275601
118.097095574375401839 28.049546718152740254 174.218069508453595517
221.547568279977440397 170.338153194330971019 162.812872127877454886
87.197714974459074710 228.289942105090460700 143.003928739313437291
35.375249784376634921 181.118234841292775172 154.858962751461376683
150.251163850740539374 23.233918079694163339 155.142203582775721316
236.421840002284795901 131.721158041346853906 116.773974512890745814
86.067632048037836512 30.838544446359662743 92.685051076091752975
169.648965636269565493 154.605853524408104249 224.565273439606698958
