1.322429678286320893e+02 1.335151979440024093e+02 2.186191218256232958e+02
5.043800117795800730e+01 1.237964432145126068e+02 1.779116642852675909e+02
1.454442402967677879e+02 7.167537976500270247e+01 1.981547355818881044e+02
1.244748992689938945e+02 5.653227260657266129e+01 1.860924975128305050e+02
1.184764626729933070e+02 3.763981871435942139e+01 1.471521044070483129e+02
2.141248458517281961e+02 1.474152286019148050e+02 1.483653850057555132e+02
3.696903781670396683e+01 1.376207506178944868e+02 1.426724441189755908e+02
1.525422406745983892e+02 1.451044940315057943e+02 2.135090818191019082e+02
8.333422707871122270e+01 1.131559656738952953e+02 2.067849797190177981e+02
1.830563422066441888e+02 1.793210727539149900e+02 1.778349470767024059e+02
1.302836947131615091e+02 3.505862003955588335e+01 1.270000000000000000e+02
1.955847725663205949e+02 7.168490423695952529e+01 1.534644885223904112e+02
7.758586693916998911e+01 4.971472896293042254e+01 1.340164331802762092e+02
2.142919843490194864e+02 1.270000000000000000e+02 1.560535620606239888e+02
5.552947423478160260e+01 1.000885442490679935e+02 1.783004629239237886e+02
7.187482159123624115e+01 1.538643759512476095e+02 1.955822135116096092e+02
1.677690978870984111e+02 6.181363433326843904e+01 1.775234439506587023e+02
1.830794899531205999e+02 1.173346364818648055e+02 1.992888065654713898e+02
1.013699133571888069e+02 2.043157097138017093e+02 1.697712484051278068e+02
1.887874684320507868e+02 1.594836610218656006e+02 1.869259585770211913e+02
1.308055228866764992e+02 2.029940961830492085e+02 1.787147497420266120e+02
1.056489690074553067e+02 1.854282760453066032e+02 1.947810447981501909e+02
4.067893326366384343e+01 1.579295945963162069e+02 1.344855604739076114e+02
4.960467497959958649e+01 1.767389552060211884e+02 1.270000000000000000e+02
2.068821612352332977e+02 1.700906549755787012e+02 1.420344860292535998e+02
5.564722749966576032e+01 1.807179508413597091e+02 1.490717832066374910e+02
6.755780922709874403e+01 1.333825916036238937e+02 1.969277375619957979e+02
2.009937997442659992e+02 1.302719280896147040e+02 1.815729977734578995e+02
1.667091511422117094e+02 1.784299016126911965e+02 1.921317782320880099e+02
7.631617905776482758e+01 1.946590606429585932e+02 1.632960301907507983e+02
1.471512775973529017e+02 3.846205240731654840e+01 1.417972243096351974e+02
1.368343511840024860e+02 2.184728677630133120e+02 1.270000000000000000e+02
1.179762295004576060e+02 9.248158174665593378e+01 2.118000611276831080e+02
1.964943128803851096e+02 9.976438882629260263e+01 1.807844025836278945e+02
1.319287239517406931e+02 1.562235221330437014e+02 2.140958864375755013e+02
1.402612296112054082e+02 2.135384176367350904e+02 1.552708694972212129e+02
3.913605147952033292e+01 1.136156909319504962e+02 1.507652439743719981e+02
1.242506918929796029e+02 7.483874824691865513e+01 2.027340420186611993e+02
1.559049499822068867e+02 1.993732190805258142e+02 1.758939774046694993e+02
8.925088024918500196e+01 1.407689073422502872e+02 2.097612297433958872e+02
6.580875661727606030e+01 8.041930295683985719e+01 1.774962414071540024e+02
1.183430698010738951e+02 2.111363498069258071e+02 1.631957483787466003e+02
8.916841711676477189e+01 1.908118432910561069e+02 1.814134173926487108e+02
6.054216703495416141e+01 1.729693492829788113e+02 1.709792606132660069e+02
2.058469995098637071e+02 1.490531188532102931e+02 1.689620139785702975e+02
1.568389702498812994e+02 2.139999076164789074e+02 1.291568331300404964e+02
3.527902466443168805e+01 1.203647135343244940e+02 1.296899176586825035e+02
1.186292327927786943e+02 2.172693862563241964e+02 1.426642319080461050e+02
2.153351826886787990e+02 1.074545717116503027e+02 1.436994530563945887e+02
1.925512642531585072e+02 1.876869371241187139e+02 1.490028956572957952e+02
6.516147936144368202e+01 1.110505406683949019e+02 1.932239542179740113e+02
7.793716281301263393e+01 1.759865130242986879e+02 1.874744536881763111e+02
1.792795309664853107e+02 5.734597591211616674e+01 1.566507600288558990e+02
1.779852394811832994e+02 2.027878071968752920e+02 1.379869757138004900e+02
1.128850854009063056e+02 4.537605695986277965e+01 1.670287535209469922e+02
9.135496581072257527e+01 2.090979469715404093e+02 1.482922201919714098e+02
8.094801628501245716e+01 6.611375122429849682e+01 1.783427648840410029e+02
1.406712553360341076e+02 9.437421513580596866e+01 2.119273509508703057e+02
5.469139818765164307e+01 1.465917667069155925e+02 1.804006440152649020e+02
1.011975855778023998e+02 3.920981045846966140e+01 1.365455764753810968e+02
4.345931707901449670e+01 1.383713419782606024e+02 1.638191102378752078e+02
9.239516903604305753e+01 1.636630432050752972e+02 2.039566562221797028e+02
1.855269176621486906e+02 5.691249562436713916e+01 1.382401796855614009e+02
1.467435909376796133e+02 1.709902777660904860e+02 2.053520649309753878e+02
1.034518224013479966e+02 2.158809218905846876e+02 1.301088672635102057e+02
7.529645072495550551e+01 5.761310491936779243e+01 1.582442280018628082e+02
1.658137666512020871e+02 4.368349549548923960e+01 1.309814062209057113e+02
1.003994418821391008e+02 5.796581977205958225e+01 1.816872221645471939e+02
1.762441900454255119e+02 1.945743148268728930e+02 1.653760566297357002e+02
1.875465056818059963e+02 7.757701557827431316e+01 1.755333829500158913e+02
4.471158013577237256e+01 8.753039673168093771e+01 1.386088920268078084e+02
2.076135136761691058e+02 8.358099102645257972e+01 1.359582962965679087e+02
1.110483247707954035e+02 1.439263894159394113e+02 2.160114677933239875e+02
4.809802605133611308e+01 9.472345986994952227e+01 1.615934020333010892e+02
2.078693132641845978e+02 1.122317422875066057e+02 1.683043912473789874e+02
1.025940476743429031e+02 1.205469167459508952e+02 2.154686792463527922e+02
9.532688929883772744e+01 9.637492508247478895e+01 2.077645890524300114e+02
1.657883351364546911e+02 7.670566494311692907e+01 1.935578313839029079e+02
1.270000000000000000e+02 1.139070348788960985e+02 2.180635726530512954e+02
1.514237094970254134e+02 1.170210717938869038e+02 2.151357101648482910e+02
1.148650483453771045e+02 1.682784919127855119e+02 2.083193030820239926e+02
1.609371652321592023e+02 1.004376987548124021e+02 2.082816890115173862e+02
1.986350215006580129e+02 1.847271486789385051e+02 1.270000000000000000e+02
9.303589828890697788e+01 4.633066039854919893e+01 1.553354449978172909e+02
4.809802605140281173e+01 1.615934020334366892e+02 1.592765401300682129e+02
2.189413799604440953e+02 1.302836947131615091e+02 1.270000000000000000e+02
6.887016932514978862e+01 1.967399794888127076e+02 1.418747452621292098e+02
1.582831375012156059e+02 4.719379212083082109e+01 1.604115921803627032e+02
1.796847558569087937e+02 9.357046496340490194e+01 1.946075638337528915e+02
1.998839092717414871e+02 1.700620977489546135e+02 1.630220974781873906e+02
1.700139062682582107e+02 1.587924633869102991e+02 2.018534778038900868e+02
8.005515695849689450e+01 2.061213100991676015e+02 1.270000000000000000e+02
1.601044878389934922e+02 2.086483941277778058e+02 1.534883487834364928e+02
1.241724324795407028e+02 1.886090436417815965e+02 1.952666141203903862e+02
1.466536320880547066e+02 1.888716135216461112e+02 1.921892490060704120e+02
1.703078634462117122e+02 1.331825298158373982e+02 2.079333385497012898e+02
5.859798020345520797e+01 7.337207458574899022e+01 1.571530977432936993e+02
1.469180581124927016e+02 5.572551002439278989e+01 1.816554483994453051e+02
5.782087753095804317e+01 6.664969026519430884e+01 1.330074228522979922e+02
1.372658308914288057e+02 4.277975495875823242e+01 1.625747528635376113e+02
7.777035793004668562e+01 8.799932183697927712e+01 1.942264043697769011e+02
1.001863002125233066e+02 7.488166488850392000e+01 1.979133601581033020e+02
1.876577954151323127e+02 1.388065275375421095e+02 1.951559811233117046e+02
2.052753072841761082e+02 9.199680516038583278e+01 1.603429545869562105e+02
