7.815780325150375463e-01 -4.123452937071248048e-01 -4.680888140593703617e-01
5.446887706719170108e-01 -6.888220276212413395e-01 4.783705230965614175e-01
-9.613494647336856547e-01 -2.538695818038244623e-01 -1.065713005035007765e-01
-4.716581124773865374e-01 3.628681205062571080e-01 -8.036574842894983473e-01
7.820367419773505135e-02 5.601283562671736937e-02 -9.953626211522256240e-01
6.934760822912895417e-01 -6.608265683380769584e-01 2.870525559343539701e-01
-3.357247253763457895e-01 7.260677108851211203e-01 -6.000954823867760135e-01
2.589767001276522401e-02 7.989048843746089368e-01 6.008995726494592571e-01
6.978523920122783331e-01 -7.142973788544436653e-01 5.273797042371458632e-02
9.319551271180737118e-01 -3.624848845157184196e-01 8.021816250776870813e-03
-1.791254298526028313e-02 -1.680455663585398995e-01 9.856164712660998584e-01
9.453094670737035576e-01 1.607248855591930647e-01 -2.838265713826219616e-01
-5.889202562753024228e-01 -4.769361998871101127e-01 -6.524605681463628848e-01
8.505571965957842151e-01 5.251598667930309494e-01 2.756029080119953845e-02
8.289263434366436756e-02 8.609328469415142848e-01 -5.019197587550691120e-01
7.854706692169342030e-01 5.864321667918408476e-01 -1.978209835981213083e-01
9.267820725656482628e-01 1.833757747460680043e-01 3.277930981689525791e-01
-2.922934065823999950e-01 -3.623637824068967062e-01 -8.850181092317958020e-01
-8.077927986061207433e-01 2.778323097422262244e-01 5.198846046801066656e-01
-6.379121434238322896e-01 -7.347391256042403729e-01 -2.307087223724500480e-01
2.930567687759577100e-01 5.878128567917568770e-01 -7.540515736107898936e-01
4.715024718295235395e-01 6.259418472084659069e-01 -6.211941910320016857e-01
2.099569248545102296e-01 9.104180814670338462e-01 3.564505669002686061e-01
9.150396070866306797e-01 -2.166841189255951095e-02 -4.027815752846680142e-01
-7.600960027264158647e-01 -3.064690319250937267e-01 5.730015699020555298e-01
5.495041369146840687e-02 9.752759661142099690e-01 2.140496249824578034e-01
8.239087497187814746e-01 9.520744424473910617e-02 -5.586679825238055619e-01
-6.265233166140570242e-01 4.786451909997598286e-01 6.151156922658740367e-01
-7.719076087386459450e-01 -4.827717213128730478e-01 4.136304010490414740e-01
-6.782935331348263763e-02 -9.283334114530298331e-01 -3.655082160623129295e-01
-4.237539045715033037e-01 7.983313275321203273e-01 -4.279015305431938532e-01
9.638123888333259837e-01 2.591677279010083934e-01 -6.243210669220309456e-02
-2.896486992783637859e-01 4.831578833068306822e-01 8.262336780867838293e-01
-5.304145218437830156e-01 -2.829778306902270835e-01 -7.991144989018057476e-01
6.509853382839957403e-01 7.325470035995926832e-01 1.989798403269284477e-01
2.517661152659713131e-01 8.047290901555368414e-01 5.376103743988983608e-01
-8.780997652504031192e-01 -4.111972781645404362e-01 2.446581302496618759e-01
2.553638594073786017e-01 4.204094166912705766e-01 -8.706579245983316895e-01
-7.683649548985826971e-01 -5.862815942783043965e-01 -2.566888939829473082e-01
-6.165722734847818298e-01 -2.684446021580707553e-01 7.401189952581966880e-01
-2.376414097218135235e-02 6.598641301539635018e-01 7.510090514368035208e-01
9.029759749356397469e-01 -3.706269732800178685e-01 -2.174167320293535488e-01
9.514544632023494986e-01 -5.258100387739650383e-02 3.032649707493011437e-01
-2.713329388455981706e-01 3.918539852252955202e-01 -8.791068709550989846e-01
6.796246595643854471e-01 -3.468398132664964328e-01 -6.463841474272518095e-01
3.570073813502600557e-01 -2.114550324010374127e-01 -9.098530095206072144e-01
7.799351020466711581e-01 5.754149660541330036e-01 2.461683436926232205e-01
6.616044067853362742e-01 -4.140302655372972152e-01 6.251868105945121989e-01
7.130335446992530635e-01 -5.288301821485721366e-01 4.603496525276480345e-01
3.769109526505507457e-01 8.461230141927505478e-04 9.262491121981705211e-01
7.891156494888433848e-01 -1.486608951822489533e-01 -5.959835819680046054e-01
-1.331129873757898319e-01 9.841649843043517309e-01 1.170479229252182757e-01
9.906769616552978108e-02 7.076871401011002316e-01 -6.995459265208967548e-01
1.107442481803665446e-01 -3.668923832891793912e-01 9.236480339281577523e-01
3.441569040972560778e-01 -2.451269877838701539e-01 9.063491519399125007e-01
3.816472025823404168e-01 -8.442090911930900665e-01 3.763727183365063178e-01
-6.336890984035903340e-01 -7.263781627429747312e-01 2.661069169611817165e-01
-1.477387412729713190e-01 2.392411128791701591e-01 -9.596546015288074383e-01
7.795243535683250569e-01 4.828701619327055994e-01 -3.989714136488570762e-01
1.815682954381055147e-01 -1.175319336211733817e-01 9.763294519120935266e-01
-3.423358406782235352e-01 1.124829855522219424e-01 -9.328203203985173664e-01
5.862076759997796316e-01 6.938934516636248162e-01 4.181775201242627360e-01
-1.381708438826967089e-01 3.154613883419817716e-02 -9.899058839230104878e-01
-8.290041005738472135e-01 7.134884372161372224e-02 5.546724652723762361e-01
6.576751396058304611e-01 -7.325693285278644939e-01 -1.755152120036466146e-01
-6.983292601180512982e-01 7.140589288729733974e-01 -4.955896043862163813e-02
9.873504792908345262e-01 9.001252232277101584e-02 1.305250047663357171e-01
5.655685219338155711e-01 5.152334035090719855e-01 6.439462608836679092e-01
2.908888136970533278e-01 -6.455424468016494055e-01 -7.061576647203233748e-01
-9.232974873914374658e-01 3.712618780590781764e-01 9.841934604895639926e-02
6.176089176522282509e-01 6.483497730642945323e-01 -4.451986035511801831e-01
-4.879606202672254200e-01 -4.964716369263964535e-01 7.179208499521718689e-01
-3.447965472580524077e-02 -8.390296966118215849e-01 -5.429920087933743922e-01
8.281792852105845926e-01 -5.481890019071510300e-01 1.166528599569114089e-01
4.859883352709546411e-01 8.604707452012785307e-01 1.529883480312233812e-01
1.836827460402810919e-01 -7.992004710168486570e-01 -5.723104541536425671e-01
9.253979742465734404e-02 -7.764278673195683655e-01 6.233748091976367700e-01
6.537155617242069727e-01 4.738181910158902332e-01 -5.900443086938759185e-01
-4.246423635134807251e-01 -2.830180957738985814e-01 8.599881514150071737e-01
-3.244578996340783533e-02 -9.706169271579987434e-01 2.384324881974239918e-01
-2.261442382038156007e-01 6.760101403283022004e-01 7.013337819473158818e-01
4.432933896496112913e-01 8.589545515934654540e-01 -2.562967986335894510e-01
-6.905493571557133059e-01 -8.282924082005574395e-02 -7.185268973371869983e-01
-9.258247494740572403e-01 -2.773324006888719037e-02 -3.769342126374050639e-01
-4.286689120986974522e-01 6.061633334752477564e-01 6.699320689072100210e-01
-1.515159520908590518e-01 8.570852110174485006e-01 -4.923899443704920498e-01
-9.967921875581664537e-01 7.361218811609289425e-02 -3.140988035262482631e-02
-7.756497056416258307e-01 -5.963805675708673260e-01 2.066343455524983774e-01
5.383866967076807869e-02 -6.287988029128439571e-01 7.757019163979527177e-01
-5.747022980755941285e-02 -3.706806438683499794e-01 -9.269806000921549938e-01
-5.674116412795644493e-01 7.961826553917999982e-01 2.100885732106653470e-01
-7.506643878020249905e-02 4.439872473754927912e-02 9.961896320533242255e-01
-9.177440598514912118e-01 -2.180976976549721669e-01 3.319325758115687641e-01
8.512151033511149434e-01 2.856139200746106721e-01 -4.402925578369054627e-01
-4.068047978503560036e-01 2.588026444546120408e-01 8.760884930583386909e-01
3.187291257503943598e-01 -4.624738784152995774e-01 -8.273630739777428911e-01
-3.993858634588550727e-01 -6.891882718253610207e-01 6.045746091654833343e-01
-9.827669919511426988e-01 -6.316913549560997099e-02 -1.737201768708510896e-01
-6.526984784576654597e-02 -4.987623670001889442e-01 8.642777031872102000e-01
-4.528522240059996706e-01 -8.253497686017599033e-01 3.372278498016457737e-01
5.371403451690192066e-01 -8.094616358811020929e-01 2.371752719580962898e-01
7.636695534707351740e-01 -5.674497678222408803e-01 -3.079116335903742119e-01
-5.392852494432841953e-02 9.922392672628996824e-01 -1.120399513517960216e-01
-3.538574968316244296e-01 -1.498055423992107060e-01 -9.232243342777178841e-01
-2.037148045436376620e-01 5.801189654193676937e-01 -7.886458421690372145e-01
1.519548409768472774e-01 -9.302874866514970753e-01 -3.338785984206560364e-01
-9.373173798091842812e-01 2.363328244939462766e-02 3.476745568319782320e-01
8.501863244387496410e-01 1.018175271844101726e-01 5.165427425638473569e-01
-7.564967513431021251e-01 4.677424485938507792e-01 -4.570882485809077411e-01
-7.713206239979202294e-01 5.881776260827487057e-01 -2.431287214031310762e-01
4.838536356133539273e-01 4.312361338888865969e-01 -7.615254796343362553e-01
1.476980273463477100e-01 -8.813100673010673125e-01 4.488628498681815904e-01
-9.747269336585830946e-01 1.520466105118755962e-01 1.636741672726215735e-01
-2.074835302082669031e-01 -9.555092843064932895e-01 -2.096487354991874164e-01
9.311994243350207867e-01 3.419508290769502357e-01 1.262428715283063496e-01
1.120334002334841678e-01 -9.919014156446046560e-01 5.983392745218260589e-02
-8.275699275904813135e-01 -5.613619171327889346e-01 -9.016323448893683425e-04
-2.639544415173121217e-01 -1.327906829553209267e-01 9.553505572948305380e-01
-9.371080085917946612e-01 1.740823860996199846e-01 -3.025291772424336112e-01
6.315055719171689397e-01 7.343037172472006713e-01 -2.489955089444640113e-01
2.676915716588295080e-01 7.666888891211030010e-01 -5.835489437579977068e-01
7.130028702588765421e-01 2.780320607944849476e-01 -6.436808838026615298e-01
-9.552092573896788785e-01 2.797165551179024434e-01 -9.661223209320803085e-02
-6.544863744597864130e-01 3.742034763219496130e-01 -6.569774303239437341e-01
-4.983723068383555388e-01 7.037204884407556316e-01 5.063620423425517769e-01
5.301916247956672823e-01 8.462165824464012998e-01 -5.305032129274371566e-02
-3.986781508422715947e-01 -4.996135373765478449e-01 -7.690526934554482441e-01
-4.460306399209496009e-01 -6.607875471593129824e-01 -6.036691857059517385e-01
1.243790159398659029e-01 9.921702702641822524e-01 -1.131438013017354964e-02
-7.925787668445518630e-01 -4.219761024383020809e-01 -4.401761775904609597e-01
-2.449153900249383953e-01 -6.810610638819202256e-01 -6.900523740941403306e-01
-5.768741836818878088e-01 -6.654005602645085560e-01 4.737702719684232511e-01
-6.782305205556544703e-01 -7.347015340614464485e-01 1.473149125388989802e-02
8.947037073644439342e-01 3.980744048677815061e-01 -2.025883615054943632e-01
2.941539326305835367e-01 -4.572461479035506461e-03 -9.557471195426041621e-01
2.318231523438669117e-01 6.656906435701878122e-01 7.093052890684388156e-01
9.959490251435997032e-02 -1.599055496192922921e-01 -9.820952451743706346e-01
-8.271131959449283810e-01 2.656823913135034632e-01 -4.952742957591327322e-01
-5.175545508846078890e-01 8.556436388611162736e-01 -3.354122111588898891e-03
3.344710417221281040e-01 -8.558877295544663477e-01 -3.944430461390023845e-01
1.310495568182584447e-01 5.252179555594925775e-01 8.408163371483958759e-01
-8.817284127266687976e-01 -4.407977652503999866e-01 -1.680843131906199772e-01
8.835862169542499922e-01 -2.400463069464350008e-01 -4.020611492420714805e-01
-1.372130841804018453e-01 -5.451155297113804421e-01 -8.270560010042747878e-01
-8.266126604439409942e-01 5.690059830286806064e-02 -5.598873382266877918e-01
-6.241719950896588154e-01 6.662016702048665362e-01 -4.081478349348937051e-01
4.974559664733010922e-01 8.923042998231586753e-03 -8.674433357423213531e-01
-4.173231256323933214e-01 5.567231222677326841e-01 -7.182623294764085564e-01
-4.942409513807821120e-01 -8.612682318962540107e-01 1.180801198530890550e-01
9.679668537823163943e-01 -1.445378282110981183e-01 -2.053021826352139090e-01
-1.300370073195168397e-01 -7.767846675755131214e-01 6.161947394671457578e-01
3.088395495676787283e-01 9.459118902644652049e-01 -9.934197742716552315e-02
6.900398373767679949e-01 3.469302901888666329e-02 -7.229394280093860425e-01
7.051904809951102804e-01 -1.272022757884033392e-02 7.089037884820672542e-01
1.721817961332254218e-02 9.525099331632149724e-01 -3.040203307613012496e-01
-6.557280586744663742e-01 -5.915342754842910500e-01 -4.691565985833412444e-01
6.044013224628321801e-01 -1.640622733366595698e-01 -7.796041379269268434e-01
-8.454287153185742199e-01 -1.356307374299228208e-01 5.165797038008759223e-01
-5.911427323917243237e-01 7.732639569012008662e-01 -2.293755063164849839e-01
5.621885738606355876e-01 2.267811041395374483e-01 -7.953077003435820025e-01
-1.112156135723875172e-01 7.385543967715261227e-01 -6.649575101517122278e-01
-5.274829199830902704e-01 1.666015160737006617e-01 -8.330700474558289104e-01
-7.403035789251691812e-01 6.557581180793070619e-01 1.480942321755688296e-01
8.578841740293017271e-01 -1.076816279691485273e-01 5.024334890788796359e-01
-2.188583743569257334e-01 9.253518097529959130e-01 -3.095561987114765490e-01
-5.232613543083030061e-01 -5.001322289368939633e-02 -8.507033752273623906e-01
3.706085894100944467e-01 2.187826797538093282e-01 -9.026535395683119578e-01
8.517272045477971565e-01 -4.390475164512213091e-01 2.860035792279694289e-01
5.194649669385744684e-01 -5.339252837506948124e-01 -6.671431177005768820e-01
2.539898014126387160e-01 -9.600583499282554500e-01 -1.173760857730552637e-01
-6.454254637490326463e-01 -4.907526091122285106e-01 5.853100438177072373e-01
4.183394468782934417e-01 7.898528882025469544e-01 -4.484690872107666704e-01
-9.034389253157225630e-01 2.731402323740982907e-01 3.304429174350629883e-01
9.890044735644452079e-01 -1.448554295014872761e-01 2.978348222512828061e-02
-2.723179532431856953e-01 -9.351356319092574143e-01 2.266368952203415554e-01
7.111168969221651759e-01 2.014688825473838485e-01 6.735896735230575416e-01
-8.788989941310165754e-01 3.938459665579265301e-01 -2.691131968921994799e-01
-1.412736361456690404e-01 -1.745980973531366109e-01 -9.744522893045332035e-01
-8.500165643408945648e-01 5.253167938424866401e-01 -3.891152082805705154e-02
7.185858511135987392e-01 -2.155909000712636081e-01 6.611769342511937264e-01
4.240948300470041565e-01 -7.185969308075125239e-01 -5.511461023734320896e-01
-5.118634892535051106e-01 -8.508901659944750895e-01 -1.182442124719916554e-01
7.811458500750577683e-01 3.336589220465193684e-01 5.277147758489144636e-01
5.434946781887313172e-01 -1.453015502546666504e-01 8.267411894142676632e-01
-1.222157627804886133e-02 -7.108859127387914256e-01 -7.032011462894632858e-01
-5.059367241623266009e-01 -8.067562865018554352e-02 8.587895400421404757e-01
1.777727063638407379e-01 1.067114854173814159e-01 9.782686357806282818e-01
1.534443737161009930e-02 -9.893496307896832986e-01 -1.447475605945262311e-01
2.040343694298404897e-01 3.439001299990949723e-01 9.165711519996541101e-01
9.428921121892867019e-01 -2.492652373969807267e-01 2.209554393914127668e-01
-2.632936995437151206e-01 -8.208706742281460800e-01 -5.068015035226443032e-01
-7.076836426296705396e-01 -3.055388280991498950e-01 -6.370477897914714749e-01
-6.973446030392498746e-03 3.881422425805257093e-01 -9.215730956223827652e-01
-8.143660023504188661e-02 4.647747501783286994e-01 8.816759675407003227e-01
-6.966295777315587578e-01 1.600395199948583258e-01 -6.993529748770397347e-01
-9.039253699435164657e-01 -2.655599121675935592e-01 -3.352564072795882200e-01
1.037268374365282880e-01 -5.702441383802806518e-01 -8.149002183324945969e-01
3.344497441537640503e-01 -7.502962750433878059e-01 5.702621049057168268e-01
-2.907801068178926251e-01 -8.373103990676137309e-01 4.629883638842429705e-01
2.945234029296805445e-01 -4.528713973665918213e-01 8.415244872099394424e-01
-3.088297574072664253e-01 -4.645051201045713452e-01 8.299754058623705077e-01
4.870785296902814254e-01 -5.668923960737695111e-01 6.643700152689721028e-01
-1.824415183502891419e-02 9.033280271944470474e-01 4.285622780983047719e-01
-2.216688416221075930e-01 -6.372454616586371579e-01 7.380929116645026378e-01
6.375496030446267115e-01 -5.914812502690144358e-01 -4.936399844399180781e-01
-6.847436213827997609e-01 2.339322995775190150e-01 6.902186988121539191e-01
-5.071751017853048937e-01 -7.534112187901881308e-01 -4.185032276221402614e-01
3.590652264315472020e-01 -9.281349069322062384e-01 9.817208208857808316e-02
4.326911071191134606e-01 6.780102373951493178e-01 5.942057924721108053e-01
-7.521460474715014888e-01 4.772594887607807812e-01 4.544223846387808186e-01
-8.294196997095193424e-01 -1.694107720569143216e-01 -5.323184686302466773e-01
3.737484476765587371e-01 4.875842003059344676e-01 7.890334248125265848e-01
5.328987805533172972e-01 -8.461650465651369135e-01 4.858359415200007650e-03
-2.009495164067129913e-01 2.645609435675456145e-01 9.432002963287056119e-01
7.096255473473872533e-01 7.044403969204197091e-01 -1.397532606140507692e-02
2.925429001456070766e-01 9.456509233295752326e-01 1.419964181953867477e-01
-2.058316645813750567e-01 9.219196270064254906e-01 3.281730141190672967e-01
-6.568214231164553052e-01 6.563711514808662217e-01 3.711637504376690266e-01
1.059909177320512638e-02 2.571581284679858026e-01 9.663112108510518716e-01
-1.617712717962220270e-01 -3.220304681224420706e-01 9.328056781678987219e-01
-9.864165355479723729e-01 -9.533556214502930670e-02 1.337667708664120325e-01
8.350801142007346911e-01 -3.100407023213916369e-01 4.544402774518848109e-01
4.400609873448892428e-01 -8.775146301175777985e-01 -1.905633788183129229e-01
-4.106561266500777241e-01 8.866084077909449634e-01 -2.128076053132516854e-01
-1.368040181023474355e-01 -9.899232185198406642e-01 3.656066282731300354e-02
4.968095727215706137e-01 -3.495482820798593293e-01 -7.943527219990056398e-01
5.075231631680932054e-01 -3.657310931140595467e-01 7.801672938398841461e-01
-2.693544841913411148e-01 9.607360542298565287e-01 -6.659126030390570550e-02
8.235363250673014557e-01 -5.580487188016348687e-01 -1.018309812311453816e-01
-5.736209124804255710e-01 5.754878676628188972e-01 -5.829003027431242101e-01
2.283582552810675126e-01 9.197925514093336918e-01 -3.191146653115383702e-01
2.629681828887039247e-02 5.600159029116846821e-01 -8.280644092302801296e-01
1.519550411405521939e-01 2.430511723556256776e-01 -9.580374695639669591e-01
-5.675847331753146596e-01 1.172368665647687963e-01 8.149252037974905605e-01
5.490166625792224364e-01 -7.535788611502001189e-01 -3.615240022985192203e-01
-7.044100206143617537e-01 -5.071815869480127137e-02 7.079789483005008988e-01
-9.451371285902107067e-01 -3.161344412795636938e-01 8.230931415769061898e-02
-3.244491759050218138e-01 6.383010949284445568e-02 9.437470261551470507e-01
5.477676392407327954e-01 1.057269687689008225e-01 8.299231419086795514e-01
4.241064259189223917e-01 8.280691392018888486e-01 3.666541152035806550e-01
7.049976449205015427e-01 5.260923508951662608e-01 4.756103015980031601e-01
-3.382072112475221770e-01 -9.406780065640165667e-01 -2.721709438793906005e-02
1.585899643087812227e-01 -3.569267858583201614e-01 -9.205718292221353183e-01
2.687621915480695733e-01 -6.247396305406001105e-01 7.331215986630549297e-01
5.636518723661082531e-01 3.378254942004306205e-01 7.537708552646588123e-01
-2.380003528633567178e-01 8.093353664931386415e-01 5.369656381746737983e-01
-5.060046731273972753e-01 3.999739256503173634e-01 7.641859260501401296e-01
-4.077590289285698000e-01 8.358306736904538292e-01 3.675862609584207297e-01
-8.093549477840544792e-02 -8.995495752895206198e-01 4.292551773495781875e-01
8.595233479997950177e-01 3.939832108575543335e-01 3.255715647988859929e-01
-3.618389547776447723e-01 9.208176555008223962e-01 1.454902612664857875e-01
-8.329522746874850059e-01 4.919839531026615198e-01 2.532632977405579466e-01
2.113742168249140019e-01 -9.433280174573257515e-01 2.558382143888701665e-01
9.947440000207711241e-01 4.291961855769868550e-02 -9.296386806462961228e-02
-3.721124359269288306e-01 -8.741950504876395689e-01 -3.119540811264386315e-01
3.877178694206323550e-01 2.509623047673463780e-01 8.869570312691517078e-01
